4.696 21.116 0.238 0.595 0.658 0.778 288.291 290.465 297.152 bullet_queue_0
4.008 8.060 0.270 0.396 0.234 0.569 436.018 324.771 121.802 bullet_queue_0
3.728 37.225 0.567 0.371 0.330 0.777 312.241 330.549 0.916 bullet_queue_0
0.893 33.843 0.467 0.615 0.115 0.618 150.733 56.011 120.948 bullet_queue_0
2.968 38.652 0.267 0.152 0.098 0.383 264.813 363.294 133.690 bullet_queue_3
2.443 9.155 0.795 0.588 0.657 0.024 381.576 40.370 498.448 bullet_queue_3
4.418 28.045 0.378 0.472 0.030 0.630 38.023 207.990 349.846 bullet_queue_3
0.557 42.780 0.338 0.939 0.395 0.373 92.289 296.865 352.279 bullet_queue_3
4.626 41.102 0.885 0.020 0.375 0.993 393.243 246.683 206.452 bullet_queue_4
0.564 12.591 0.213 0.261 0.734 0.478 499.089 469.656 297.308 bullet_queue_4
4.073 30.000 0.978 0.632 0.015 0.542 257.822 226.277 74.357 bullet_queue_4
1.682 31.981 0.814 0.189 0.984 0.900 328.238 290.392 293.795 bullet_queue_4
4.473 43.606 0.925 0.342 0.478 0.535 494.923 427.767 309.672 bullet_queue_4
3.681 42.464 0.133 0.769 0.965 0.348 44.850 290.868 431.590 bullet_queue_4
1.366 37.342 0.595 0.122 0.033 0.181 374.519 326.582 293.438 bullet_queue_3
2.924 16.925 0.247 0.888 0.393 0.521 255.057 126.663 307.568 bullet_queue_3
1.787 7.032 0.127 0.448 0.406 0.805 64.135 54.697 286.380 bullet_queue_3
4.940 11.135 0.286 0.265 0.576 0.356 430.353 145.520 426.472 bullet_queue_3
2.621 41.726 0.705 0.478 0.866 0.970 54.621 24.158 140.637 bullet_queue_3
